81;502
5391;518
5401;513
5411;519
5422;506
5433;523
5443;517
5453;509
5464;512
5474;510
5484;513
5494;504
5506;514
5516;518
5526;516
5536;519
5547;517
5557;507
5568;526
5578;503
5588;521
5599;516
5609;516
5619;521
5629;520
5641;516
5651;527
5661;521
5671;513
5682;523
5692;518
5703;518
5713;513
5724;510
5734;512
5744;508
5754;510
5766;515
5776;502
5786;515
5796;514
5807;506
5817;503
5827;509
5838;499
5849;496
5859;491
5869;507
5879;505
5890;512
5901;500
5911;517
5921;500
5932;502
5942;497
5952;513
5962;514
5974;511
5984;506
5994;515
6004;515
6014;520
6025;502
6036;514
6046;509
6056;496
6067;518
6077;515
6087;512
6098;521
6109;516
6119;511
6129;517
6139;503
6150;509
6160;495
6171;505
6181;513
6192;517
6202;527
6212;509
6222;519
6234;522
6244;505
6254;517
6264;502
6275;515
6285;521
6295;517
6306;514
6317;522
6327;497
6337;509
6347;503
6358;499
6369;504
6379;513
6389;509
6400;496
6410;502
6420;511
6431;501
6441;488
6452;512
6462;510
6472;499
6482;521
6494;509
6504;508
6514;517
6524;514
6535;520
6545;519
6555;516
6566;524
6577;505
6587;522
6597;525
6607;521
6618;509
6628;512
6639;516
6649;507
6660;502
6670;520
6680;520
6690;515
6702;518
6712;510
6722;495
6732;512
6743;514
6753;499
6764;510
6774;501
6785;502
6795;504
6805;505
6815;527
6825;503
6837;509
6847;508
6857;500
6867;514
6878;499
6888;518
6899;517
6909;514
6920;505
6930;511
6940;503
6950;499
6962;513
6972;515
6982;504
6992;502
7003;516
7013;508
7023;496
7034;499
7045;511
7055;495
7065;515
7075;510
7086;516
7097;515
7107;512
7117;517
7128;517
7138;510
7148;521
7158;504
7170;523
7180;519
7190;507
7200;501
7211;513
7221;507
7232;506
7242;515
7252;519
7263;513
7273;507
7283;503
7293;515
7305;518
7315;521
7325;501
7335;515
7346;520
7356;515
7367;512
7377;496
7388;512
7398;499
7408;500
7418;513
7430;506
7440;504
7450;517
7460;519
7471;520
7481;519
7491;516
7502;520
7513;517
7523;517
7533;503
7543;511
7554;515
7565;509
7575;513
7585;498
7596;516
7606;498
7616;506
7626;499
7638;513
7648;520
7658;508
7668;522
7678;514
7689;496
7700;503
7710;512
7720;514
7731;513
7741;509
7751;518
7762;509
7773;498
7783;520
7793;509
7803;512
7814;512
7824;501
7835;500
7845;506
7856;502
7866;501
7876;514
7886;500
7898;519
7908;508
7918;512
7928;517
7939;512
7949;507
7959;512
7970;520
7981;507
7991;494
8001;511
8011;507
8022;511
8033;509
8043;501
8053;500
8064;506
8074;507
8084;517
8095;513
8105;514
8116;502
8126;510
8136;522
8146;525
8158;507
8168;527
8178;515
8188;501
8199;520
8209;513
8219;514
8230;510
8241;504
8251;497
8261;506
8271;513
8282;514
8292;513
8303;518
8313;504
8324;508
8334;514
8344;496
8354;505
8366;509
8376;502
8386;518
8396;507
8407;512
8417;512
20
5161;513
5173;522
5183;509
5193;505
5203;499
5214;508
5224;512
5235;515
5245;511
5256;506
5266;512
5276;511
5286;519
5298;504
5308;507
5318;505
5328;511
5339;500
5349;506
5359;518
5370;519
5381;512
5391;514
5401;525
5411;507
5422;529
5433;512
5443;525
5453;529
5464;511
5474;500
5484;500
5494;508
5506;503
5516;502
5526;504
5536;515
5547;511
5557;508
5568;494
5578;500
5588;500
5599;498
5609;500
5619;515
5629;514
5641;513
5651;503
5661;511
5671;505
5682;508
5692;519
5703;524
5713;511
5724;504
5734;497
5744;513
5754;516
5766;510
5776;492
5786;505
5796;506
5807;503
5817;505
5827;507
5838;514
5849;513
5859;516
5869;512
5879;510
5890;507
5901;514
5911;510
5921;517
5932;500
5942;520
5952;524
5962;521
5974;519
5984;508
5994;505
6004;506
6014;518
6025;498
6036;518
6046;516
6056;519
6067;499
6077;492
6087;508
6098;515
6109;511
6119;519
6129;511
6139;506
6150;499
6160;490
6171;507
6181;503
6192;512
6202;512
6212;506
6222;496
6234;496
6244;511
6254;520
6264;516
6275;501
6285;502
6295;512
6306;503
6317;518
6327;500
6337;508
6347;516
6358;512
6369;504
6379;515
6389;504
6400;511
6410;516
6420;516
6431;511
6441;499
6452;520
6462;497
6472;507
6482;518
6494;503
6504;504
6514;518
6524;518
6535;519
6545;506
6555;504
6566;513
6577;502
6587;499
6597;491
6607;502
6618;513
6628;488
6639;512
6649;500
6660;509
6670;514
6680;508
6690;521
6702;519
6712;520
6722;506
6732;507
6743;517
6753;519
6764;502
6774;512
6785;520
6795;497
6805;508
6815;512
6825;511
6837;511
6847;506
6857;508
6867;520
6878;505
6888;498
6899;513
6909;504
6920;514
6930;495
6940;519
6950;504
6962;511
6972;523
6982;517
6992;519
7003;508
7013;496
7023;511
7034;516
7045;499
7055;498
7065;510
7075;513
7086;513
7097;501
7107;517
7117;514
7128;516
7138;520
7148;519
7158;496
7170;505
7180;515
7190;520
7200;505
7211;506
7221;521
7232;497
7242;507
7252;502
7263;501
7273;500
7283;500
7293;495
7305;518
7315;495
7325;499
7335;519
7346;505
7356;497
7367;507
7377;512
7388;515
7398;513
7408;508
7418;527
7430;513
7440;504
7450;525
7460;510
7471;505
7481;516
7491;513
7502;521
7513;516
7523;495
7533;498
7543;506
7554;517
7565;509
7575;491
7585;507
7596;496
7606;520
7616;512
7626;501
7638;503
7648;516
7658;513
7668;522
7678;516
7689;516
7700;521
7710;511
7720;505
7731;501
7741;509
7751;503
7762;511
7773;518
7783;520
7793;509
7803;499
7814;516
7824;512
7835;517
7845;505
7856;505
7866;497
7876;512
7886;503
7898;516
7908;510
7918;520
7928;513
7939;519
7949;507
7959;498
7970;522
7981;511
7991;512
8001;513
8011;514
8022;509
8033;500
8043;512
8053;512
8064;516
8074;511
8084;518
8095;515
8105;508
8116;510
8126;505
8136;512
8146;517
8158;494
8168;522
8178;503
8188;505
8199;520
8209;512
8219;521
8230;520
8241;515
8251;518
8261;500
8271;507
8282;515
8292;507
8303;511
8313;509
8324;510
8334;515
8344;497
8354;518
8366;507
8376;512
8386;504
8396;515
8407;513
8417;519
8428;504
8438;522
8449;517
8459;505
8469;515
8479;504
8489;512
8501;524
8511;500
8521;504
8531;481
8542;468
8552;457
8563;440
8573;411
8584;424
8594;451
8604;460
8614;505
8626;524
8636;548
8646;558
8656;536
8667;559
8677;540
8687;550
8698;548
8709;533
8719;531
8729;511
8739;521
8750;542
8761;512
8771;535
8781;509
8792;518
8802;523
8812;525
8822;509
8834;516
8844;526
8854;505
8864;524
8875;519
8885;521
8896;502
8906;509
8916;518
8927;502
8937;515
8947;518
8957;493
8969;513
8979;515
8989;507
8999;521
9010;495
9020;521
9031;516
9041;518
9052;520
9062;507
9072;502
9082;508
9094;498
9104;508
9114;498
9124;508
9135;520
9145;516
9155;499
9166;520
9177;516
9187;502
9197;522
9207;519
9218;509
9229;517
9239;510
9249;525
9260;499
9270;505
9280;520
9290;495
9302;516
9312;495
9322;493
9332;517
9342;500
9353;477
9364;464
9374;430
9384;432
9395;407
9405;424
9415;436
9426;436
9437;451
9447;467
9457;472
9467;484
9478;487
9488;503
9499;513
9509;509
9520;520
9530;526
9540;513
9550;517
9562;509
9572;526
9582;528
9592;512
9603;515
9613;516
9623;505
9634;514
9645;516
9655;496
9665;514
9675;515
9686;521
9697;513
9707;510
9717;502
9728;508
9738;510
9748;521
9759;499
9769;512
9780;509
9790;509
9800;502
9810;517
9822;497
9832;521
9842;496
9852;497
9863;519
9873;499
9883;516
9894;513
9905;510
9915;517
9925;499
9935;520
9946;520
9956;494
9967;501
9977;518
9988;513
9998;523
10008;510
10019;511
10032;501
10043;508
10054;509
10065;503
10077;511
10088;515
10100;521
10112;522
10123;498
10134;517
10145;512
10158;517
10169;503
10180;503
10191;494
10203;510
10214;520
10226;511
10237;497
10249;503
10260;518
10271;519
10283;507
10295;504
10306;515
10317;516
10329;503
10340;517
10351;516
10363;512
10375;514
10386;500
10397;504
10408;504
10420;506
10432;503
10443;502
10455;520
10466;524
10477;520
10488;502
10501;507
10512;498
10523;510
10534;514
10546;497
10558;489
10569;494
10580;503
10592;507
10603;504
10614;512
10627;493
10638;511
10649;514
10660;512
10672;514
10683;515
10695;506
10706;509
10718;510
10729;521
10740;507
10752;522
10764;504
10775;497
10786;516
10798;514
10809;510
10820;497
10832;523
10844;512
10855;520
10866;505
10877;515
10889;520
10901;517
10912;517
10924;506
10935;523
10946;515
10958;506
10970;518
10981;521
10992;525
11003;510
11015;510
11027;522
11038;518
11049;528
11061;520
11072;523
11083;531
11096;499
11107;509
11118;533
11129;516
11141;526
11152;542
11164;517
11175;525
11187;506
11198;526
11209;514
11220;498
11233;501
11244;483
11255;485
11267;488
11278;487
11290;479
11301;493
11313;482
11324;497
11335;510
11346;581
11359;764
11370;980
11381;991
11393;990
11404;991
11415;991
11427;991
11439;990
11450;990
11461;989
11472;989
11484;991
11496;991
11507;991
11518;990
11530;990
11541;990
11552;913
11565;834
11576;726
11587;609
11598;506
11610;413
11621;334
11633;246
11644;209
11656;229
11667;216
11678;212
11691;184
11702;177
11713;138
11724;89
11735;67
11745;0
11754;0
11764;0
11773;0
11783;0
11792;0
11801;0
11810;0
11820;0
11830;0
11839;0
11848;0
11857;0
11867;0
11876;0
11885;0
11895;0
11905;0
11914;0
11923;0
11932;0
11941;0
11951;0
11961;0
11970;0
11979;0
11988;0
11998;0
12007;0
12016;0
12026;0
12036;0
12045;0
12054;0
12063;0
12072;188
12084;410
12096;525
12107;481
12119;256
12130;0
12139;0
12148;0
12158;0
12168;0
12177;0
12186;0
12195;0
12205;0
12214;0
12224;0
12233;0
12242;0
12252;0
12261;0
12270;0
12279;0
12290;0
12299;0
12308;0
12317;0
12326;0
12336;0
12345;0
12355;0
12364;0
12374;0
12383;0
12392;0
12401;0
12410;0
12420;0
12430;0
12439;0
12448;0
12457;0
12467;0
12476;0
12485;0
12495;0
12505;0
12514;0
12523;0
12532;0
12541;0
12552;0
12561;0
12570;0
12579;0
12589;0
12598;0
12607;0
12616;0
12626;0
12636;0
12645;0
12654;0
12663;0
12673;0
12682;0
12692;0
12701;0
12710;0
12720;0
12729;0
12738;0
12747;0
12758;0
12767;0
12776;0
12785;0
12794;0
12804;0
12813;0
12823;0
12832;0
12841;0
12851;0
12860;0
12869;0
12878;0
12889;0
12898;0
12907;0
12916;0
12925;0
12935;0
12944;0
12954;0
12963;0
12973;0
12982;0
12991;0
13000;0
13009;0
13020;0
13029;0
13038;0
13047;0
13057;0
13066;0
13075;0
13084;0
13094;0
13104;0
13113;0
13122;0
13131;0
13140;0
13150;0
13160;0
13169;0
13178;0
13188;0
13197;0
13206;0
13215;0
13225;0
13235;0
13244;0
13253;0
13262;0
13272;0
13281;0
13291;0
13300;0
13309;0
13319;0
13328;0
13337;0
13346;0
13357;0
13366;0
13375;0
13384;0
13393;0
13403;0
13412;0
13422;0
13431;0
13441;0
13450;0
13459;0
13468;0
13477;0
13488;0
13497;0
13506;0
13515;0
13524;0
13534;0
13543;0
13553;0
13562;0
13572;0
13581;0
13590;0
13599;0
13608;0
13618;0
13628;0
13637;0
13646;0
13656;0
13665;0
13674;0
13683;0
13693;0
13703;0
13712;0
13721;0
13730;0
13740;0
13749;0
13759;0
13768;0
13777;0
13787;0
13796;0
13805;0
13814;0
13825;0
13834;0
13843;0
13852;0
13861;0
13871;0
13880;0
13890;0
13899;0
13908;0
13918;0
13927;0
13936;0
13945;0
13956;0
13965;0
13974;0
13983;0
13992;0
14002;0
14011;0
14021;0
14030;0
14040;0
14049;0
14058;0
14067;0
14076;0
14087;0
14096;0
14105;0
14114;0
14124;0
14133;0
14142;0
14152;0
14161;0
14171;0
14180;0
14189;0
14198;0
14208;0
14217;0
14227;0
14236;0
14245;0
14255;0
14264;0
14273;0
14282;0
14292;0
14302;0
14311;0
14320;0
14329;0
14339;0
14348;0
14358;0
14367;0
14376;0
14386;0
14395;0
14404;0
14413;0
14424;0
14433;0
14442;0
14451;0
14460;0
14470;0
14479;0
14489;0
14498;0
14508;0
14517;0
14526;0
14535;0
14544;0
14555;0
14564;0
14573;0
14582;0
14592;0
14601;0
14610;0
14620;0
14629;0
14639;0
14648;0
14657;0
14666;0
14675;0
14686;0
14695;0
14704;0
14713;0
14723;0
14732;0
14741;0
14751;0
14760;0
14770;0
14779;0
14788;0
14797;0
14807;0
14816;0
14826;0
14835;0
14844;0
14854;0
14863;0
14872;0
14881;0
14892;0
14901;0
14910;0
14919;0
14928;0
14938;0
14947;0
14957;0
14966;0
14976;0
14985;0
14994;0
15003;0
15012;0
15023;0
15032;0
15041;0
15050;0
15059;0
15069;0
15078;0
15088;0
15097;0
15107;0
15116;0
15125;0
15134;0
15143;0
15154;0
15163;0
15172;0
15181;0
15191;0
15200;0
15209;0
15219;0
15228;0
15238;0
15247;0
15256;0
15265;0
15275;0
15285;0
15294;0
15303;0
15312;0
15322;0
15331;0
15340;0
15350;0
15360;0
15369;0
15378;0
15387;0
15396;0
15406;0
15415;0
15425;0
15434;0
15443;0
15453;0
15462;0
15471;0
15480;0
15491;0
15500;0
15509;0
15518;0
15527;0
15537;0
15546;0
15556;0
15565;0
15575;0
15584;0
15593;0
15602;0
15611;0
15622;0
15631;0
15640;0
15649;0
15659;0
15668;0
15677;0
15687;0
15696;0
15706;0
15715;0
15724;0
15733;0
15742;0
15753;0
15762;0
15771;0
15780;0
15790;0
15799;0
15808;0
15818;0
15827;0
15837;0
15846;0
15855;0
15864;0
15874;0
15884;0
15893;0
15902;0
15911;0
15921;0
15930;0
15939;0
15949;0
15959;0
15968;0
15977;0
15986;0
15995;0
16005;0
16014;0
16024;0
16033;0
16043;0
16052;0
16061;0
16070;0
16079;0
16090;0
16099;0
16108;0
16117;0
16126;0
16136;0
16145;0
16155;0
16164;0
16174;0
16183;0
16192;0
16201;0
16210;0
16221;0
16230;0
16239;0
16248;0
16258;0
16267;0
16276;0
16286;0
16295;0
16305;0
16314;0
16323;0
16332;0
16342;0
16352;0
16361;0
16370;0
16379;0
16389;0
16398;0
16407;0
16417;0
16427;0
16436;0
16445;0
16454;0
16463;0
16473;0
16483;0
16492;0
16501;0
16510;0
16520;0
16529;0
16538;0
16548;0
16558;0
16567;0
16576;0
16585;0
16594;0
16604;0
16613;0
16623;0
16632;0
16642;0
16651;0
16660;0
16669;0
16678;0
16689;0
16698;0
16707;0
16716;0
16726;0
16735;0
16744;0
16754;0
16763;0
16773;0
16782;0
16791;0
16800;0
16809;0
16820;0
16829;0
16838;0
16847;0
16857;0
16866;0
16875;0
16885;0
16894;0
16904;78
16914;152
16925;280
16936;346
16949;443
16960;552
16971;643
16983;738
16994;809
17005;871
17017;903
17029;901
17040;895
17051;861
17062;822
17074;767
17086;717
17097;663
17108;617
17120;569
17131;528
17142;522
17155;481
17166;446
17177;431
17188;418
17200;411
17211;409
17223;397
17234;419
17246;415
17257;445
17268;436
17281;466
17292;463
17303;464
17314;479
17326;471
17337;453
17349;455
17360;459
17372;446
17383;424
17394;421
17405;419
17418;403
17429;424
17440;412
17452;391
17463;413
17474;386
17486;385
17498;404
17509;383
17520;405
17531;404
17544;405
17555;414
17566;392
17577;416
17589;405
17600;410
17611;410
17624;399
17635;405
17646;431
17657;427
17669;425
17681;432
17692;425
17703;410
17715;421
17726;402
17737;401
17750;386
17761;402
17772;388
17783;419
17795;487
17806;543
17818;605
17829;671
17841;729
17852;767
17863;773
17874;775
17887;774
17898;728
17909;694
17921;666
17932;623
17943;587
17955;545
17967;521
17978;504
17989;475
18000;445
18013;436
18024;421
18035;391
18046;414
18058;409
18069;413
18081;442
18093;457
18104;470
18115;483
18126;496
18138;479
18150;504
18161;496
18172;475
18184;461
18195;459
18206;467
18219;453
18230;446
18241;449
18252;441
18264;437
18275;424
18287;436
18298;434
18310;433
18321;416
18332;438
18343;439
18356;440
18367;439
18378;432
18390;431
18401;441
18413;428
18424;449
18436;428
18447;451
18458;430
18469;442
18482;428
18493;445
18504;416
18515;432
18527;429
18538;412
18550;423
18562;429
18573;426
18584;428
18595;432
18607;445
18619;489
18630;529
18641;608
18653;664
18664;724
18675;780
18688;802
18699;829
18710;835
18721;809
18733;785
18745;746
18756;688
18767;661
18779;617
18790;581
18801;539
18813;530
18825;507
18836;488
18847;483
18859;477
18870;460
18882;473
18893;482
18905;487
18916;503
18927;510
18938;524
18951;518
18962;546
18973;519
18984;542
18996;520
19007;538
19019;520
19031;512
19042;503
19053;477
19064;469
19076;468
19088;462
19099;444
19110;447
19122;428
19133;447
19145;438
19156;433
19168;455
19179;446
19190;453
19202;455
19214;439
19225;456
19236;441
19248;443
19259;440
19270;454
19282;442
19294;455
19305;447
19316;437
19328;441
19339;433
19351;431
19362;437
19374;427
19385;436
19396;434
19407;419
19420;415
19431;431
19442;460
19453;527
19465;584
19477;651
19488;726
19500;800
19511;868
19522;902
19533;925
19546;911
19557;898
19568;861
19579;808
19591;771
19602;724
19614;681
19625;639
19637;603
19648;581
19659;559
19671;537
19683;517
19694;529
19705;514
19717;510
19728;515
19739;509
19751;516
19763;529
19774;527
19785;529
19796;518
19808;518
19820;525
19831;515
19843;521
19854;503
19865;510
19877;483
19889;471
19900;463
19911;472
19922;465
19934;459
19946;446
19957;460
19969;439
19980;454
19991;452
20002;448
20015;445
20026;433
20037;419
20048;428
20060;412
20071;425
20083;420
20094;431
20106;434
20117;427
20128;435
20140;436
20152;421
20163;423
20174;420
20186;431
20197;445
20209;442
20220;431
20232;434
20243;415
20254;422
20265;405
20278;422
20289;448
20300;516
20312;581
20323;655
20334;747
20346;823
20358;896
20369;943
20380;965
20391;943
20403;920
20415;901
20426;834
20438;785
20449;727
20460;681
20471;623
20484;586
20495;535
20506;511
20517;501
20529;480
20540;436
20552;441
20563;420
20575;437
20586;435
20597;434
20610;446
20621;463
20632;488
20643;484
20655;490
20666;493
20678;485
20689;479
20701;467
20712;470
20723;455
20734;443
20747;431
20758;419
20769;416
20781;431
20792;417
20803;423
20815;423
20827;421
20838;398
20849;415
20860;396
20872;414
20884;400
20895;415
20907;408
20918;413
20929;399
20941;420
20953;407
20964;419
20975;416
20986;415
20998;416
21010;420
21021;409
21032;411
21044;411
21055;406
21066;395
21079;392
21090;382
21101;407
21112;423
21124;493
21135;554
21147;638
21158;722
21170;802
21181;879
21192;929
21203;938
21216;956
21227;944
21238;903
21250;853
21261;796
21272;719
21284;645
21296;585
21307;534
21318;502
21329;460
21342;431
21353;409
21364;401
21376;414
21387;416
21398;460
21410;476
21422;524
21433;545
21444;580
21455;621
21467;628
21479;661
21490;644
21501;649
21513;639
21524;620
21535;590
21548;552
21559;515
21570;460
21581;422
21593;382
21604;344
21616;320
21627;310
21639;289
21650;272
21661;280
21673;242
21685;248
21696;282
21707;261
21719;258
21730;295
21742;288
21753;320
21765;342
21776;361
21787;357
21798;371
21811;390
21822;406
21833;407
21844;417
21856;413
21867;413
21879;405
21891;391
21902;396
21913;430
21924;482
21936;556
21948;642
21959;742
21970;842
21982;932
21993;983
22004;984
22017;984
22028;984
22039;983
22050;931
22062;886
22074;816
22085;746
22096;669
22108;620
22119;575
22130;516
22142;510
22154;476
22165;438
22176;428
22188;406
22199;414
22211;412
22222;433
22234;448
22245;467
22256;481
22267;471
22280;496
22291;506
22302;506
22313;497
22325;497
22336;484
22348;479
22360;471
22371;455
22382;441
22393;418
22406;415
22417;400
22428;383
22439;388
22451;366
22462;362
22474;375
22486;355
22497;371
22508;358
22519;365
22531;345
22543;350
22554;368
22565;346
22577;353
22588;350
22599;374
22611;370
22623;351
22634;365
22645;380
22657;362
22668;358
22680;391
22691;416
22703;462
22714;517
22725;606
22736;689
22749;788
22760;892
22771;956
22782;984
22794;984
22806;984
22817;983
22829;949
22840;903
22851;823
22862;756
22875;700
22886;636
22897;563
22908;509
22920;484
22931;434
22943;409
22955;385
22966;380
22977;379
22988;375
23000;406
23012;424
23023;420
23034;434
23046;450
23057;469
23068;484
23080;491
23092;488
23103;479
23114;466
23126;454
23138;445
23149;449
23160;432
23172;419
23183;397
23194;393
23206;384
23218;397
23229;380
23240;386
23251;387
23263;368
23275;368
23286;381
23298;379
23309;366
23320;377
23331;372
23344;364
23355;363
23366;372
23377;357
23389;354
23400;400
23412;435
23424;517
23435;579
23446;677
23457;743
23470;819
23481;854
23492;882
23503;885
23515;867
23526;826
23538;751
23549;704
23561;645
23572;585
23583;521
23595;477
23607;442
23618;393
23629;358
23641;356
23652;344
23663;346
23675;359
23687;350
23698;401
23709;424
23720;447
23732;470
23744;482
23755;513
23767;518
23778;535
23789;527
23800;530
23813;520
23824;524
23835;514
23846;508
23858;483
23870;457
23881;436
23892;428
23904;424
23915;416
23926;393
23939;398
23950;397
23961;396
23972;398
23984;393
23995;390
24007;389
24018;384
24030;373
24041;390
24052;392
24064;387
24076;410
24087;435
24098;481
24110;558
24121;626
24132;710
24144;771
24156;828
24167;831
24178;848
24189;813
24201;768
24213;706
24224;650
24236;595
24247;545
24258;486
24270;460
24282;432
24293;407
24304;363
24315;361
24327;361
24339;360
24350;361
24361;359
24373;394
24384;402
24395;441
24408;450
24419;463
24430;491
24441;500
24453;500
24464;503
24476;479
24487;465
24499;474
24510;440
24521;431
24534;416
24545;413
24556;398
24567;386
24579;378
24590;372
24602;348
24613;373
24625;362
24636;376
24647;377
24658;391
24671;390
24682;400
24693;410
24705;417
24716;411
24727;423
24739;424
24751;424
24762;439
24773;453
24784;474
24796;521
24808;576
24819;627
24830;689
24842;728
24853;768
24864;789
24877;785
24888;773
24899;724
24910;691
24922;656
24933;601
24945;545
24956;520
24968;494
24979;466
24990;420
25003;394
25014;383
25025;391
25036;377
25048;389
25059;400
25071;398
25082;404
25094;432
25105;437
25116;432
25127;449
25140;451
25151;438
25162;445
25174;450
25185;441
25196;434
25208;442
25220;432
25231;434
25242;436
25253;428
25266;423
25277;413
25288;417
25299;398
25311;396
25322;412
25334;405
25346;417
25357;420
25368;420
25379;418
25391;413
25403;411
25414;413
25425;408
25437;424
25448;419
25459;428
25472;405
25483;414
25494;428
25505;433
25517;447
25528;481
25540;517
25551;561
25563;583
25574;622
25585;651
25596;675
25609;649
25620;646
25631;601
25643;569
25654;537
25665;486
25677;465
25689;440
25700;412
25711;388
25722;345
25735;356
25746;353
25757;321
25768;349
25780;346
25791;380
25803;392
25815;416
25826;413
25837;442
25848;453
25860;450
25872;462
25883;452
25894;446
25906;449
25917;440
25928;421
25940;419
25952;414
25963;420
25974;410
25986;386
25997;408
26009;402
26020;402
26032;409
26043;407
26054;401
26066;415
26078;414
26089;427
26100;412
26112;429
26123;419
26135;424
26146;414
26158;432
26169;427
26180;432
26191;414
26204;424
26215;424
26226;429
26237;438
26249;459
26260;491
26272;519
26284;551
26295;580
26306;607
26317;622
26329;624
26341;602
26352;601
26363;575
26375;556
26386;524
26397;505
26409;481
26421;440
26432;408
26443;393
26455;391
26467;387
26478;388
26489;385
26501;377
26512;410
26523;412
26535;432
26547;449
26558;446
26569;457
26580;475
26592;481
26604;477
26615;479
26627;480
26638;476
26649;476
26660;474
26673;463
26684;464
26695;467
26706;465
26718;449
26729;463
26741;473
26753;459
26764;467
26775;460
26786;464
26799;463
26810;459
26821;474
26832;479
26844;468
26855;479
26867;479
26878;467
26890;473
26901;451
26912;473
26924;461
26936;457
26947;440
26958;453
26970;448
26981;456
26992;452
27004;480
27016;487
27027;536
27038;544
27049;597
27061;621
27073;656
27084;659
27096;672
27107;645
27118;637
27129;608
27142;574
27153;555
27164;513
27175;503
27187;476
27199;459
27210;464
27222;452
27233;448
27244;445
27255;442
27268;435
27279;436
27290;458
27301;446
27313;473
27324;477
27336;500
27347;510
27359;517
27370;514
27381;521
27393;497
27405;490
27416;507
27427;495
27439;481
27450;484
27461;474
27473;479
27485;460
27496;465
27507;473
27518;472
27531;480
27542;481
27553;484
27565;484
27576;474
27587;463
27599;482
27611;474
27622;478
27633;476
27644;484
27656;459
27668;467
27679;462
27691;473
27702;454
27713;461
27724;472
27737;450
27748;453
27759;455
27770;467
27782;458
27793;471
27805;453
27816;462
27828;461
27839;470
27850;467
27862;460
27874;479
27885;499
27896;523
27908;565
27919;585
27931;643
27942;677
27954;685
27965;687
27976;683
27987;675
28000;650
28011;610
28022;586
28034;566
28045;527
28056;527
28068;491
28080;485
28091;467
28102;456
28113;456
28126;448
28137;431
28148;441
28160;448
28171;464
28182;466
28193;468
28206;488
28217;487
28228;500
28239;487
28251;506
28263;508
28274;483
28285;497
28297;478
28308;485
28319;472
28332;484
28343;488
28354;470
28365;474
28377;466
28388;470
28400;458
28411;477
28423;468
28434;476
28445;470
28456;482
28469;467
28480;477
28491;468
28503;464
28514;465
28525;476
28537;479
28549;465
28560;466
28571;473
28582;471
28594;477
28606;467
28617;477
28628;461
28640;469
28651;465
28663;472
28675;469
28686;463
28697;457
28708;458
28720;455
28732;435
28743;452
28754;448
28766;456
28777;464
28788;500
28801;520
28812;563
28823;600
28834;656
28846;671
28857;684
28869;680
28880;666
28892;642
28903;600
28914;582
28925;532
28938;518
28949;490
28960;459
28972;456
28983;436
28995;428
29006;409
29018;413
29029;400
29040;403
29051;428
29064;445
29075;444
29086;445
29097;468
29109;488
29120;489
29132;499
29144;490
29155;492
29166;482
29177;479
29189;467
29201;474
29212;475
29223;455
29235;449
29246;461
29257;460
29270;444
29281;447
29292;449
29303;463
29315;470
29326;472
29338;470
29349;462
29361;467
29372;468
29383;457
29395;467
29407;474
29418;464
29429;481
29441;482
29452;478
29464;480
29475;481
29487;480
29498;464
29509;462
29520;460
29533;476
29544;457
29555;467
29566;457
29578;458
29589;445
29601;451
29613;461
29624;459
29635;495
29646;534
29658;575
29670;609
29681;667
29692;721
29704;734
29715;748
29727;736
29739;730
29750;698
29761;669
29772;631
29784;581
29796;559
29807;535
29818;510
29830;504
29841;504
29852;480
29864;467
29876;475
29887;469
29898;481
29910;486
29921;475
29933;501
29944;519
29956;527
29967;533
29978;533
29989;533
30002;544
30013;552
30024;548
30035;541
30047;531
30058;512
30070;506
30082;504
30093;488
30104;459
30115;459
30128;447
30139;458
30150;464
30161;460
30173;462
30184;456
30196;470
30208;453
30219;464
30230;474
30241;462
30253;480
30265;471
30276;476
30287;472
30299;469
30310;465
30321;480
30333;478
30345;478
30356;477
30367;479
30379;468
30390;481
30402;469
30413;465
30425;457
30436;466
30447;465
30459;459
30471;465
30482;448
30493;475
30504;488
30516;534
30528;603
30539;651
30551;722
30562;777
30573;790
30584;807
30597;793
30608;752
30619;724
30630;681
30642;638
30653;596
30665;561
30676;534
30688;519
30699;513
30710;494
30722;471
30734;455
30745;441
30756;429
30768;445
30779;463
30790;463
30802;475
30814;479
30825;484
30836;506
30848;504
30860;513
30871;495
30882;510
30894;500
30905;481
30916;472
30928;487
30940;464
30951;469
30962;475
30973;471
30985;466
30997;453
31008;464
31020;463
31031;453
31042;469
31053;464
31066;457
31077;453
31088;468
31099;459
31111;477
31122;465
31134;451
31145;473
31157;459
31168;470
31179;449
31192;459
31203;445
31214;466
31225;450
31237;456
31248;453
31260;452
31271;471
31283;470
31294;463
31305;460
31316;459
31329;465
31340;440
31351;441
31363;446
31374;482
31385;516
31397;565
31409;627
31420;682
31431;738
31442;768
31454;790
31466;773
31477;759
31489;742
31500;690
31511;653
31522;604
31535;562
31546;528
31557;490
31568;476
31580;438
31592;436
31603;413
31614;427
31626;425
31637;427
31648;445
31661;464
31672;474
31683;481
31694;508
31706;524
31717;524
31729;531
31740;519
31752;526
31763;525
31774;506
31785;498
31798;475
31809;478
31820;472
31832;472
31843;464
31854;458
31866;436
31878;443
31889;440
31900;446
31911;456
31924;440
31935;439
31946;457
31958;461
31969;464
31980;454
31992;463
32004;463
32015;449
32026;455
32037;468
32049;472
32061;475
32072;471
32083;477
32095;474
32106;464
32117;454
32130;455
32141;452
32152;433
32163;446
32175;448
32186;454
32198;478
32209;499
32221;562
32232;633
32243;688
32256;762
32267;822
32278;851
32289;860
32301;846
32312;809
32324;761
32335;708
32347;653
32358;601
32369;566
32380;541
32393;502
32404;480
32415;470
32427;461
32438;450
32449;448
32461;435
32473;464
32484;458
32495;482
32506;500
32518;510
32530;537
32541;522
32552;557
32564;540
32575;545
32586;555
32599;550
32610;549
32621;537
32632;523
32644;510
32656;499
32667;475
32678;457
32690;453
32701;439
32712;424
32724;437
32736;435
32747;431
32758;432
32770;441
32781;457
32793;461
32804;451
32816;457
32827;468
32838;450
32849;472
32862;458
32873;460
32884;474
32896;473
32907;472
32918;463
32930;450
32942;461
32953;458
32964;455
32975;459
32988;459
32999;442
33010;453
33021;452
33033;438
33044;460
33056;474
33068;504
33079;548
33090;625
33101;697
33113;786
33125;851
33136;878
33147;904
33159;901
33170;864
33181;834
33193;761
33205;727
33216;674
33227;622
33239;583
33250;539
33262;512
33273;510
33285;497
33296;472
33307;465
33318;467
33331;454
33342;466
33353;472
33364;478
33376;489
33388;499
33399;513
33411;529
33422;525
33433;530
33444;515
33457;516
33468;515
33479;513
33490;499
33502;481
33513;473
33525;471
33537;464
33548;446
33559;448
33570;433
33582;443
33594;451
33605;445
33616;436
33628;436
33639;449
33650;452
33662;447
33674;454
33685;449
33696;442
33708;447
33719;449
33731;455
33742;450
33754;455
33765;453
33776;450
33788;450
33800;455
33811;451
33822;473
33833;452
33845;466
33857;450
33868;449
33880;466
33891;446
33902;451
33913;455
33926;456
33937;450
33948;471
33959;483
33971;491
33982;551
33994;590
34006;683
34017;756
34028;818
34039;842
34051;871
34063;869
34074;838
34085;794
34097;746
34108;685
34120;630
34131;585
34143;541
34154;492
34165;482
34177;450
34189;450
34200;427
34211;431
34223;424
34234;426
34245;436
34257;435
34269;463
34280;473
34291;476
34302;487
34314;505
34326;512
34337;500
34349;513
34360;497
34371;478
34382;487
34395;482
34406;463
34417;454
34428;448
34440;435
34451;424
34463;424
34475;412
34486;423
34497;434
34508;430
34521;431
34532;430
34543;419
34554;426
34566;440
34577;437
34589;442
34600;448
34612;446
34623;434
34634;431
34646;452
34658;456
34669;444
34680;460
34692;454
34703;452
34714;449
34726;462
34738;462
34749;466
34760;456
34771;471
34783;455
34795;471
34806;471
34818;467
34829;485
34840;507
34852;567
34864;630
34875;683
34886;766
34897;808
34909;854
34921;858
34932;850
34944;819
34955;756
34966;694
34977;656
34990;593
35001;555
35012;515
35023;490
35035;458
35046;441
35058;408
35069;386
35081;390
35092;410
35103;419
35115;438
35127;456
35138;456
35149;476
35161;490
35172;514
35183;511
35195;520
35207;511
35218;485
35229;486
35240;473
35253;466
35264;457
35275;448
35287;440
35298;421
35309;434
35321;427
35333;435
35344;436
35355;423
35366;432
35378;440
35390;446
35401;448
35412;434
35424;446
35435;454
35446;455
35459;451
35470;454
35481;462
35492;470
35504;450
35515;470
35527;468
35538;471
35550;471
35561;476
35572;464
35585;459
35596;471
35607;474
35618;456
35630;478
35641;465
35653;481
35664;482
35676;483
35687;513
35698;559
35709;609
35722;681
35733;742
35744;822
35756;844
35767;885
35778;868
35790;851
35802;798
35813;757
35824;706
35835;649
35848;596
35859;560
35870;524
35881;500
35893;481
35904;453
35915;431
35928;418
35939;433
35950;428
35961;437
35973;448
35985;468
35996;482
36007;497
36019;507
36030;503
36041;505
36054;510
36065;504
36076;495
36087;483
36099;491
36110;479
36122;466
36133;466
36145;464
36156;449
36167;453
36178;440
36191;429
36202;429
36213;442
36225;445
36236;439
36247;432
36259;440
36271;449
36282;450
36293;449
36304;448
36317;455
36328;444
36339;454
36350;444
36362;453
36373;453
36385;469
36397;456
36408;473
36419;473
36430;466
36442;479
36454;480
36465;496
36476;485
36488;474
36499;494
36510;479
36523;491
36534;495
36545;510
36556;533
36568;560
36579;639
36591;704
36602;771
36614;817
36625;847
36636;851
36647;843
36660;815
36671;749
36682;712
36694;660
36705;597
36717;547
36728;519
36740;506
36751;472
36762;451
36773;414
36786;411
36797;419
36808;414
36819;422
36831;435
36842;448
36854;455
36866;466
36877;488
36888;491
36899;510
36911;519
36923;520
36934;517
36945;497
36957;503
36968;486
36979;474
36992;459
37003;448
37014;439
37025;449
37037;435
37049;432
37060;440
37071;438
37083;436
37094;430
37105;440
37117;437
37129;458
37140;462
37151;466
37163;457
37174;477
37186;482
37197;468
37209;471
37220;484
37231;471
37242;479
37255;474
37266;477
37277;495
37288;474
37300;478
37311;494
37323;480
37335;495
37346;495
37357;496
37368;496
37380;486
37392;514
37403;552
37414;614
37426;676
37437;734
37449;799
37460;828
37472;841
37483;830
37494;805
37506;756
37518;704
37529;630
37540;573
37552;544
37563;503
37574;461
37586;443
37598;419
37609;398
37620;378
37632;357
37643;362
37655;373
37666;392
37678;415
37689;432
37700;446
37711;458
37724;474
37735;491
37746;489
37757;497
37769;493
37781;485
37792;461
37804;462
37815;460
37826;455
37837;430
37850;418
37861;427
37872;432
37883;418
37895;429
37906;433
37918;434
37929;428
37941;436
37952;430
37963;425
37975;438
37987;443
37998;444
38009;458
38021;456
38032;464
38043;466
38055;473
38067;475
38078;481
38089;484
38100;483
38112;497
38124;500
38135;497
38147;508
38158;528
38169;533
38181;544
38193;583
38204;640
38215;701
38226;781
38238;847
38250;896
38261;915
38273;933
38284;920
38295;885
38306;832
38319;760
38330;709
38341;652
38352;578
38364;552
38375;519
38387;494
38398;470
38410;451
38421;438
38432;421
38444;411
38456;419
38467;443
38478;439
38490;469
38501;476
38513;491
38524;495
38536;500
38547;495
38558;498
38569;495
38582;489
38593;474
38604;452
38616;461
38627;456
38638;443
38650;414
38662;422
38673;411
38684;413
38695;413
38708;431
38719;424
38730;431
38742;422
38753;433
38764;434
38775;448
38788;428
38799;450
38810;445
38821;458
38833;465
38844;480
38856;479
38867;460
38879;481
38890;471
38901;474
38914;484
38925;468
38936;478
38947;485
38959;483
38970;490
38982;514
38993;560
39005;603
39016;676
39027;747
39038;810
39051;848
39062;858
39073;866
39085;843
39096;787
39107;751
39119;690
39131;641
39142;579
39153;549
39164;500
39176;494
39188;466
39199;441
39211;427
39222;416
39233;395
39245;408
39257;404
39268;434
39279;447
39290;464
39302;476
39314;474
39325;498
39336;508
39348;514
39359;507
39370;502
39383;484
39394;485
39405;470
39416;465
39428;454
39439;437
39451;443
39462;444
39474;437
39485;438
39496;439
39507;438
39520;431
39531;438
39542;434
39554;432
39565;431
39576;432
39588;446
39600;451
39611;445
39622;455
39633;454
39646;440
39657;450
39668;430
39680;435
39691;442
39702;434
39714;442
39726;450
39737;464
39748;495
39759;571
39771;629
39783;709
39794;776
39805;832
39817;850
39828;835
39839;819
39852;778
39863;710
39874;667
39885;603
39897;551
39908;503
39920;480
39931;451
39943;418
39954;399
39965;381
39977;381
39989;364
40000;392
40011;406
40023;435
40034;439
40046;471
40057;486
40069;502
40080;512
40091;530
40102;502
40115;525
40126;527
40137;520
40148;494
40160;486
40171;489
40183;483
40195;464
40206;474
40217;458
40228;468
40240;464
40252;444
40263;459
40274;470
40286;448
40297;466
40308;474
40321;479
40332;480
40343;470
40354;466
40366;471
40378;456
40389;455
40400;461
40412;468
40423;448
40434;453
40446;454
40458;452
40469;455
40480;499
40492;533
40503;588
40515;659
40526;740
40538;793
40549;835
40560;851
40571;842
40584;815
40595;763
40606;727
40617;673
40629;617
40640;575
40652;536
40664;508
40675;514
40686;488
40697;465
40710;432
40721;430
40732;414
40743;434
40755;435
40766;425
40778;452
40790;449
40801;452
40812;474
40823;477
40835;477
40847;483
40858;484
40869;470
40881;447
40892;433
40903;440
40915;431
40927;420
40938;427
40949;427
40961;421
40972;434
40984;425
40995;419
41007;421
41018;432
41029;417
41040;421
41053;423
41064;420
41075;441
41086;441
41098;440
41110;439
41121;445
41133;437
41144;422
41155;438
41166;423
41179;429
41190;421
41201;409
41212;414
41224;409
41235;385
41247;400
41259;405
41270;415
41281;452
41292;500
41304;547
41316;620
41327;681
41338;726
41350;773
41361;789
41372;780
41384;746
41396;707
41407;686
41418;645
41430;613
41442;569
41453;559
41464;535
41476;507
41487;499
41498;490
41510;473
41522;444
41533;432
41544;433
41555;441
41567;437
41579;453
41590;451
41602;457
41613;467
41624;470
41635;470
41648;492
41659;503
41670;477
41681;493
41693;482
41704;486
41716;463
41728;475
41739;456
41750;457
41761;443
41774;439
41785;451
41796;439
41807;447
41819;432
41830;446
41842;444
41853;442
41865;430
41876;432
41887;447
41899;436
41911;438
41922;452
41933;450
41945;459
41956;446
41967;452
41979;439
41991;461
42002;454
42013;456
42024;454
42036;441
42048;448
42059;444
42071;453
42082;432
42093;442
42104;450
42117;482
42128;551
42139;588
42150;650
42162;725
42174;785
42185;812
42196;822
42208;809
42219;756
42230;722
42243;669
42254;615
42265;564
42276;534
42288;494
42299;458
42311;439
42322;407
42334;383
42345;387
42356;365
42368;372
42380;385
42391;403
42402;397
42414;425
42425;442
42436;458
42448;462
42460;459
42471;461
42482;476
42493;477
42505;453
42517;461
42528;437
42540;448
42551;439
42562;429
42574;437
42586;433
42597;425
42608;429
42619;420
42631;435
42643;442
42654;447
42665;429
42677;452
42688;444
42699;440
42712;462
42723;464
42734;446
42745;456
42757;470
42768;467
42780;464
42791;459
42803;472
42814;456
42825;462
42838;445
42849;455
42860;450
42871;454
42883;451
42894;449
42906;495
42917;527
42929;591
42940;652
42951;708
42962;768
42975;824
42986;846
42997;832
43009;828
43020;789
43031;724
43043;693
43055;644
43066;592
43077;557
43088;538
43100;510
43112;499
43123;474
43134;448
43146;430
43157;428
43168;412
43181;426
43192;426
43203;450
43214;447
43226;465
43237;483
43249;488
43260;480
43272;498
43283;491
43294;497
43307;471
43318;473
43329;454
43340;458
43352;458
43363;452
43375;454
43386;437
43398;437
43409;432
43420;432
43431;447
43444;451
43455;452
43466;443
43478;456
43489;463
43500;462
43512;456
43524;476
43535;471
43546;467
43557;467
43570;453
43581;467
43592;459
43603;464
43615;454
43626;454
43638;457
43650;458
43661;446
43672;454
43683;449
43695;433
43707;435
43718;449
43729;467
43741;502
43752;564
43763;607
43776;699
43787;762
43798;814
43809;853
43821;870
43832;857
43844;828
43855;765
43867;729
43878;675
43889;622
43900;573
43913;556
43924;521
43935;523
43947;488
43958;463
43969;439
43981;422
43993;417
44004;433
44015;437
44026;441
44039;439
44050;455
44061;475
44072;478
44084;475
44095;486
44107;486
44119;504
44130;494
44141;490
44152;492
44164;485
44176;481
44187;461
44198;456
44210;462
44221;442
44232;432
44244;432
44256;442
44267;432
44278;426
44290;428
44301;416
44313;433
44324;418
44336;436
44347;442
44358;449
44370;442
44382;445
44393;435
44404;433
44416;440
44427;455
44439;446
44450;450
44462;450
44473;444
44484;445
44495;448
44508;442
44519;452
44530;434
44541;454
44553;457
44564;454
44576;453
44588;463
44599;465
44610;486
44621;524
44633;583
44645;654
44656;735
44667;802
44679;849
44690;861
44701;849
44713;814
44725;768
44736;730
44747;657
44759;619
44771;573
44782;538
44793;493
44805;477
44816;456
44827;434
44839;431
44851;392
44862;405
44873;393
44884;411
44896;400
44908;419
44919;448
44931;460
44942;455
44953;477
44964;488
44977;492
44988;488
44999;482
45010;486
45022;480
45033;469
45045;448
45057;459
45068;454
45079;437
45090;431
45103;416
45114;415
45125;435
45136;436
45148;430
45159;418
45171;434
45182;423
45194;437
45205;448
45216;451
45228;445
45240;455
45251;458
45262;442
45274;453
45285;446
45296;469
45308;472
45320;458
45331;471
45342;483
45353;472
45365;466
45377;468
45388;471
45400;486
45411;487
45422;483
45433;470
45446;475
45457;475
45468;491
45479;492
45491;498
45503;557
45514;604
45526;690
45537;758
45548;821
45559;858
45572;853
45583;842
45594;811
45605;763
45617;700
45628;641
45640;597
45651;556
45663;524
45674;509
45685;478
45697;430
45709;431
45720;415
45731;396
45743;403
45754;414
45765;426
45777;441
45789;444
45800;466
45811;474
45822;478
45835;490
45846;507
45857;509
45869;495
45880;499
45891;499
45903;488
45915;476
45926;469
45937;451
45948;449
45960;442
45972;449
45983;438
45995;424
46006;435
46017;423
46028;429
46041;438
46052;432
46063;427
46074;433
46086;446
46097;432
46109;437
46120;457
46132;445
46143;442
46154;462
46166;450
46178;465
46189;464
46200;467
46212;450
46223;471
46235;471
46246;471
46258;478
46269;465
46280;463
46291;479
46304;484
46315;467
46326;473
46338;473
46349;478
46360;493
46372;556
46384;606
46395;682
46406;745
46417;812
46430;825
46441;844
46452;827
46464;794
46475;753
46486;698
46497;645
46510;598
46521;558
46532;520
46543;492
46555;468
46567;442
46578;416
46589;410
46601;414
46612;408
46623;418
46636;434
46647;445
46658;461
46669;464
46681;480
46692;491
46704;497
46715;492
46727;487
46738;489
46749;496
46760;484
46773;478
46784;474
46795;462
46807;462
46818;461
46829;449
46841;456
46853;455
46864;432
46875;449
46886;434
46898;450
46910;446
46921;449
46932;454
46944;439
46955;441
46967;455
46979;461
46990;463
47001;467
47012;474
47024;472
47036;460
47047;476
47058;483
47070;481
47081;472
47092;487
47105;487
47116;470
47127;482
47138;473
47150;477
47161;483
47173;476
47184;465
47196;476
47207;467
47218;486
47229;489
47242;503
47253;530
47264;571
47276;623
47287;713
47299;758
47310;798
47322;825
47333;820
47344;802
47355;761
47368;700
47379;648
47390;597
47401;558
47413;518
47424;499
47436;456
47448;439
47459;431
47470;427
47481;412
47493;419
47505;409
47516;428
47527;435
47539;453
47550;459
47561;472
47574;487
47585;478
47596;498
47607;502
47619;496
47630;487
47642;491
47653;483
47665;465
47676;467
47687;464
47699;439
47711;442
47722;447
47733;448
47745;447
47756;438
47768;448
47779;431
47791;454
47802;454
47813;454
47824;451
47837;464
47848;444
47859;466
47870;461
47882;469
47893;457
47905;470
47917;478
47928;476
47939;483
47950;470
47962;480
47974;481
47985;476
47996;475
48008;493
48019;483
48031;488
48043;495
48054;492
48065;485
48076;504
48088;543
48100;590
48111;659
48122;729
48134;768
48145;803
48156;829
48168;813
48180;780
48191;745
48202;685
48214;646
48225;581
48237;547
48248;504
48260;491
48271;474
48282;442
48293;418
48306;399
48317;392
48328;389
48339;400
48351;421
48362;434
48374;453
48386;462
48397;464
48408;495
48419;491
48432;484
48443;506
48454;508
48465;495
48477;495
48488;489
48500;467
48512;469
48523;459
48534;452
48545;450
48557;444
48569;448
48580;434
48591;446
48603;457
48614;453
48625;452
48637;461
48649;459
48660;459
48671;472
48683;470
48694;471
48706;469
48717;490
48729;479
48740;488
48751;486
48763;474
48775;487
48786;479
48797;493
48808;488
48820;492
48832;491
48843;486
48855;484
48866;489
48877;474
48888;480
48901;485
48912;484
48923;498
48934;548
48946;572
48957;653
48969;711
48980;781
48992;828
49003;846
49014;821
49026;811
49038;767
49049;715
49060;648
49072;613
49083;570
49094;541
49106;516
49118;495
49129;479
49140;462
49152;443
49164;419
49175;416
49186;402
49198;397
49209;429
49220;438
49232;434
49244;448
49255;474
49266;489
49277;472
49289;478
49301;493
49312;479
49324;484
49335;470
49346;463
49357;478
49370;451
49381;452
49392;457
49403;457
49415;445
49426;446
49438;432
49449;447
49461;442
49472;448
49483;462
49496;464
49507;458
49518;477
49529;466
49541;477
49552;473
49564;473
49575;469
49587;481
49598;476
49609;472
49620;490
49633;484
49644;473
49655;481
49667;479
49678;490
49689;490
49701;488
49713;482
49724;489
49735;492
49746;494
49758;516
49770;551
49781;594
49793;663
49804;722
49815;771
49826;796
49839;810
49850;793
49861;746
49872;719
49884;656
49896;616
49907;573
49918;531
49930;495
49941;475
49952;454
49965;435
49976;411
49987;401
49998;385
50010;390
50021;409
50033;422
50044;429
50056;447
50067;468
50078;484
50089;491
50102;502
50113;507
50124;505
50136;502
50147;494
50158;472
50170;480
50182;469
50193;461
50204;439
50215;435
50228;441
50239;442
50250;433
50262;442
50273;439
50284;436
50296;451
50308;451
50319;460
50330;469
50341;477
50353;475
50365;476
50376;470
50387;489
50399;476
50410;467
50421;482
50434;475
50445;467
50456;485
50467;473
50479;481
50490;484
50502;485
50513;486
50525;473
50536;485
50547;501
50560;551
50571;591
50582;662
50593;729
50605;792
50616;830
50628;841
50639;828
50651;784
50662;751
50673;712
50684;659
50697;600
50708;562
50719;533
50731;506
50742;492
50753;462
50765;444
50777;434
50788;429
50799;400
50810;427
50822;425
50834;437
50845;446
50856;475
50868;480
50879;491
50890;497
50903;500
50914;507
50925;494
50936;497
50948;501
50960;489
50971;486
50982;474
50994;469
51005;452
51016;441
51028;451
51040;444
51051;444
51062;456
51074;455
51085;457
51097;462
51108;467
51120;452
51131;461
51142;462
51153;477
51166;483
51177;480
51188;476
51200;492
51211;478
51222;501
51234;491
51246;498
51257;493
51268;487
51279;490
51292;494
51303;487
51314;488
51325;477
51337;491
51348;472
51360;473
51372;505
51383;517
51394;570
51405;613
51417;683
51429;765
51440;827
51451;847
51463;866
51474;844
51485;821
51497;777
51509;723
51520;687
51531;633
51543;600
51554;572
51566;530
51577;519
51589;506
51600;482
51611;464
51622;451
51635;434
51646;412
51657;425
51668;432
51680;436
51692;430
51703;447
51715;454
51726;468
51737;474
51748;485
51761;488
51772;495
51783;477
51794;478
51806;485
51817;453
51829;459
51841;458
51852;451
51863;448
51874;445
51886;451
51898;436
51909;453
51920;456
51932;461
51943;465
51954;460
51966;479
51978;473
51989;481
52000;474
52012;482
52023;490
52035;481
52046;492
52058;495
52069;491
52080;484
52092;489
52104;489
52115;493
52126;483
52137;497
52149;492
52161;493
52172;480
52184;488
52195;485
52206;483
52217;496
52230;477
52241;500
52252;482
52263;508
52275;538
52286;555
52298;631
52310;681
52321;746
52332;784
52343;803
52355;795
52367;769
52378;729
52389;669
52401;628
52412;562
52424;520
52435;491
52447;475
52458;449
52469;428
52481;404
52493;409
52504;403
52515;401
52527;391
52538;416
52549;411
52561;439
52573;461
52584;458
52595;483
52606;493
52618;491
52630;504
52641;483
52653;477
52664;467
52675;467
52686;465
52699;446
52710;440
52721;433
52732;418
52744;428
52755;434
52767;440
52779;429
52790;436
52801;448
52812;445
52825;469
52836;470
52847;458
52858;478
52870;470
52881;481
52893;485
52904;468
52916;476
52927;492
52938;492
52950;493
52962;476
52973;491
52984;486
52996;480
53007;477
53018;487
53030;482
53042;475
53053;487
53064;487
53075;475
53087;474
53099;490
53110;511
53122;543
53133;584
53144;646
53156;701
53168;756
53179;790
53190;799
53201;777
53213;764
53225;724
53236;669
53248;627
53259;578
53270;541
53281;503
53294;480
53305;468
53316;438
53327;438
53339;423
53350;420
53362;417
53373;425
53385;433
53396;442
53407;454
53419;452
53431;474
53442;485
53453;480
53465;488
53476;503
53487;501
53499;482
53511;488
53522;481
53533;459
53544;465
53557;461
53568;465
53579;465
53591;469
53602;451
53613;462
53625;474
53637;471
53648;458
53659;472
53670;482
53682;490
53694;490
53705;476
53716;483
53728;490
53739;501
53750;482
53763;499
53774;495
53785;501
53796;498
53808;512
53819;510
53831;505
53842;504
53854;507
53865;494
53876;512
53889;496
53900;501
53911;514
53922;501
53934;509
53945;493
53957;504
53968;490
53980;479
53991;505
54002;522
54013;552
54026;596
54037;643
54048;714
54060;753
54071;775
54082;771
54094;752
54106;732
54117;689
54128;631
54139;584
54152;542
54163;519
54174;502
54185;470
54197;457
54208;439
54219;411
54232;419
54243;404
54254;423
54265;406
54277;430
54289;432
54300;443
54311;456
54323;464
54334;455
54345;464
54358;468
54369;485
54380;470
54391;480
54403;478
54414;476
54426;460
54437;472
54449;470
54460;473
54471;467
54482;448
54495;451
54506;463
54517;461
54529;475
54540;462
54551;469
54563;481
54575;484
54586;468
54597;467
54608;472
54621;487
54632;489
54643;487
54654;489
54666;486
54677;484
54689;489
54701;488
54712;474
54723;488
54734;491
54746;489
54758;494
54769;491
54780;472
54792;494
54803;491
54814;484
54827;484
54838;480
54849;481
54860;507
54872;535
54883;591
54895;646
54906;698
54918;732
54929;750
54940;745
54951;719
54964;689
54975;651
54986;602
54998;556
55009;507
55021;488
55032;441
55044;418
55055;406
55066;369
55077;362
55090;364
55101;374
55112;395
55123;423
55135;439
55146;453
55158;458
55170;488
55181;492
55192;505
55203;516
55215;522
55227;513
55238;519
55249;492
55261;503
55272;497
55283;472
55296;480
55307;483
55318;475
55329;479
55341;462
55353;469
55364;474
55375;482
55387;477
55398;470
55409;487
55421;486
55433;470
55444;471
55455;487
55467;463
55478;469
55490;473
55501;458
55513;445
55524;450
55535;467
55546;501
55559;552
55570;584
55581;639
55592;669
55604;679
55615;687
55627;674
55639;657
55650;639
55661;615
55672;601
55684;620
55696;667
55707;739
55718;834
55730;954
55741;984
55753;984
55764;984
55776;984
55787;984
55798;984
55810;984
55822;984
55833;984
55844;984
55856;984
55867;984
55878;985
55890;985
55902;984
55913;985
55924;985
55936;985
55947;985
55959;985
55970;985
55982;985
55993;985
56004;985
56015;985
56028;985
56039;985
56050;985
56061;986
56073;985
56085;986
56096;986
56108;986
56119;986
56130;986
56141;986
56154;986
56165;986
56176;986
56187;985
56199;986
56210;986
56222;986
56233;986
56245;986
56256;986
56267;986
56279;987
56291;986
56302;987
56313;987
56325;986
56336;987
56347;987
56359;987
56371;987
56382;986
56393;986
56404;986
56416;986
56428;986
56439;986
56451;987
56462;989
56473;990
56485;989
56497;990
56508;990
56519;990
56530;989
56542;991
56554;989
56565;991
56577;991
56588;991
56599;990
56610;991
56623;991
56634;992
56645;992
56656;991
56668;992
56679;992
56691;992
56702;991
56714;992
56725;992
56736;990
56748;992
56760;991
56771;992
56782;992
56794;990
56805;991
56817;992
56828;992
56840;992
56851;992
56862;992
56873;990
56886;992
56897;991
56908;992
56920;992
56931;991
56942;992
56954;990
56966;990
56977;991
56988;992
56999;992
57011;992
57023;992
57034;992
57046;992
57057;992
57068;992
57079;992
57092;992
57103;990
57114;992
57125;992
57137;991
57148;991
57160;991
57171;990
57183;991
57194;992
57205;991
57218;991
57229;990
57240;992
57251;991
57263;992
57274;992
57286;992
57297;992
57309;991
57320;992
57331;992
57342;991
57355;991
57366;992
57377;991
57389;992
57400;990
57411;992
57423;992
57435;992
57446;992
57457;991
57468;991
57480;992
57492;991
57503;992
57515;990
57526;992
57537;992
57549;992
57561;991
57572;992
57583;992
57594;992
57606;992
57618;991
57629;991
57640;992
57652;992
57663;992
57674;992
57687;990
57698;992
57709;992
57720;992
57732;992
57743;991
57755;992
57766;992
57778;991
57789;991
57800;992
57811;992
57824;992
57835;992
57846;990
57858;992
57869;991
57880;992
57892;990
57904;992
57915;992
57926;991
57937;991
57950;992
57961;991
57972;992
57984;990
57995;990
58006;991
58018;992
58030;991
58041;992
58052;990
58063;992
58075;991
58087;992
58098;991
58109;992
58121;991
58132;991
58143;991
58156;991
58167;991
58178;991
58189;991
58201;992
58212;991
58224;992
58235;991
58247;990
58258;991
58269;991
58281;992
58293;990
58304;990
58315;991
58327;992
58338;992
58350;992
58361;990
58373;991
58384;991
58395;992
58406;991
58419;991
58430;992
58441;992
58452;990
58464;992
58475;992
58487;992
58499;990
58510;992
58521;991
58532;992
58544;992
58556;992
58567;992
58578;992
58590;991
58601;992
58612;992
58625;992
58636;992
58647;992
58658;990
58670;991
58682;992
58693;992
58704;991
58716;992
58727;991
58738;991
58750;992
58762;990
58773;991
58784;991
58796;991
58807;992
58819;991
58830;991
58842;992
58853;990
58864;992
58875;992
58888;992
58899;990
58910;992
58921;992
58933;992
58944;992
58956;992
58968;991
58979;991
58990;992
59001;992
59014;992
59025;992
59036;991
59047;992
59059;992
59070;992
59082;992
59094;992
59105;991
59116;992
59127;992
59139;992
59151;992
59162;992
59173;992
59185;992
59196;992
59207;992
59219;992
59231;992
59242;992
59253;992
59265;992
59276;992
59288;992
59299;992
59311;991
59322;992
59333;992
59344;992
59357;992
59368;991
59379;992
59390;992
59402;991
59414;992
59425;992
59437;990
59448;991
59459;990
59470;991
59483;990
59494;991
59505;992
59516;992
59528;990
59539;990
59551;990
59563;991
59574;990
59585;991
59596;991
59608;992
59620;991
59631;991
59642;992
59654;990
59665;992
59676;990
59688;992
59700;992
59711;991
59722;990
59734;991
59746;992
59757;990
59768;991
59780;991
59791;992
59802;992
59814;992
59826;991
59837;992
59848;992
59859;992
59871;992
59883;991
59894;992
59906;991
59917;991
59928;991
59939;991
59952;992
59963;992
59974;992
59985;991
59997;992
60008;992
60020;991
60032;991
60043;992
60054;990
60065;992
60078;991
60089;992
60100;992
60111;991
60123;990
60134;991
60146;992
60157;990
60169;990
60180;992
60191;992
60203;991
60215;991
60226;990
60237;992
60249;992
60260;992
60271;990
60283;992
60295;992
60306;991
60317;992
60328;992
60340;990
60352;992
60363;991
60375;992
60386;990
60397;990
60408;991
60421;990
60432;992
60443;991
60454;990
60466;991
60478;992
60489;992
60500;992
60512;991
60523;992
60534;992
60547;992
60558;992
60569;992
60580;991
60592;992
60603;991
60615;991
60626;992
60638;991
60649;992
60660;990
60672;990
60684;991
60695;992
60706;991
60718;992
60729;990
60740;992
60752;992
60764;991
60775;991
60786;991
60797;991
60809;991
60821;991
60832;991
60844;991
60855;991
60866;992
60878;992
60890;990
60901;992
60912;992
60923;990
60935;992
60947;990
60958;992
60969;990
60981;992
60992;990
61003;992
61016;990
61027;991
61038;990
61049;992
61061;992
61072;992
61084;992
61095;991
61107;992
61118;991
61129;990
61140;992
61153;992
61164;991
61175;981
61187;880
61198;777
61210;673
61221;599
61233;543
61244;492
61255;487
61266;480
61279;481
61290;483
61301;491
61313;492
61324;521
61335;527
61347;521
61359;535
61370;531
61381;529
61392;548
61404;516
61416;547
61427;537
61438;524
61450;527
61461;556
61472;540
61485;515
61496;540
61507;533
61518;515
61530;536
61541;534
61553;517
61564;533
61576;515
61587;544
61598;522
61611;531
61622;538
61633;527
61644;550
61656;538
61667;527
61679;544
61690;530
61702;525
61713;528
61724;549
61735;530
61748;523
61759;531
61770;503
61782;532
61793;527
61804;514
61816;519
61828;549
61839;513
61850;523
61861;526
61874;548
61885;532
61896;520
61907;526
61919;525
61930;543
61942;530
61954;511
61965;520
61976;541
61987;515
61999;525
62011;539
62022;525
62033;532
62045;526
62056;530
62067;523
62080;537
62091;528
62102;530
62113;522
62125;527
62136;530
62148;529
62159;542
62171;522
62182;536
62193;531
62204;517
62217;528
62228;535
62239;527
62251;529
62262;531
62273;526
62285;517
62297;537
62308;526
62319;525
62330;529
62343;530
62354;518
62365;532
62376;517
62388;529
62399;516
62411;546
62423;516
62434;522
62445;537
62456;523
62468;516
62480;533
62491;518
62502;520
62514;528
62525;530
62536;512
62548;522
62560;528
62571;536
62582;515
62594;513
62605;523
62617;517
62628;532
62640;507
62651;521
62662;537
62674;525
62686;522
62697;540
62708;526
62720;512
62731;530
62743;529
62754;530
62766;516
62777;531
62788;496
62799;525
62812;533
62823;510
62834;532
62845;520
62857;527
62868;536
62880;518
62892;523
62903;536
62914;529
62925;542
62937;534
62949;530
62960;535
62971;529
62983;549
62994;558
63005;546
63017;545
63029;556
63040;551
63051;533
63063;552
63075;531
63086;528
63097;565
63109;561
63120;548
63131;525
63143;559
63155;536
63166;516
63177;544
63188;526
63200;535
63212;516
63223;517
63235;525
63246;532
63257;501
63268;521
63281;527
63292;524
63303;532
63314;515
63326;515
63337;531
63349;512
63361;508
63372;504
63383;506
63394;528
63407;512
63418;510
63429;509
63440;508
63452;488
63463;489
63475;498
63486;483
63498;501
63509;505
63520;490
63532;510
63544;523
63555;521
63566;503
63578;517
63589;527
63600;519
63612;522
63624;530
63635;514
63646;518
63657;524
63669;523
63681;530
63692;514
63704;503
63715;516
63726;518
63737;510
63750;518
63761;513
63772;510
63783;506
63795;510
63807;494
63818;495
63830;506
63841;504
63852;506
63863;505
63876;499
63887;483
63898;503
63909;500
63921;492
63932;511
63944;516
63955;497
63967;508
63978;519
63989;515
64001;502
64013;512
64024;509
64035;498
64047;514
64058;509
64069;499
64081;506
64093;505
64104;515
64115;499
64126;518
64139;496
64150;508
64161;500
64173;510
64184;505
64195;497
64207;500
64219;512
64230;517
64241;515
64252;523
64264;523
64276;511
64287;526
64299;521
64310;530
64321;510
64332;513
64345;501
64356;516
64367;516
64378;525
64390;525
64401;522
64413;522
64424;506
64436;521
64447;520
64458;515
64470;499
64482;512
64493;514
64504;504
64516;511
64527;508
64539;516
64550;511
64562;517
64573;504
64584;516
64595;504
64608;508
64619;516
64630;519
64642;524
64653;517
64664;510
64676;516
64688;525
64699;504
64710;525
64721;529
64734;525
64745;529
64756;511
64768;518
64779;530
64790;503
64801;506
64814;505
64825;507
64836;520
64847;529
64859;536
64871;516
64882;522
64893;516
64905;533
64916;520
64927;530
64940;514
64951;506
64962;537
64973;518
64985;527
64996;523
65008;539
65019;497
65031;501
65042;507
65053;512
65064;521
65077;524
65088;519
65099;513
65111;511
65122;497
65133;508
65145;507
65157;502
65168;507
65179;521
65190;515
65202;507
65214;518
65225;519
65236;524
65248;527
65259;526
65271;528
65283;537
65294;518
65305;546
65316;523
65328;552
65340;545
65351;531
65362;536
65374;534
65385;542
65396;544
65409;553
65420;536
65431;526
65442;533
65454;534
65465;511
65477;538
65488;514
65500;515
65511;511
65522;511
65533;526
65546;529
65557;538
65568;520
65580;520
65591;523
65603;519
65614;525
65626;541
65637;501
65648;516
65659;515
65672;529
65683;527
65694;540
65705;510
65717;524
65728;546
65740;536
65752;543
65763;535
65774;545
65785;539
65797;561
65809;550
65820;551
65831;559
65843;561
65854;560
65865;563
65878;570
65889;562
65900;568
65911;580
65923;572
65934;575
65946;581
65957;580
65969;573
65980;573
65991;564
66003;542
66015;552
66026;552
66037;548
66049;540
66060;542
66072;525
66083;542
66095;521
66106;543
66117;517
66128;536
66141;507
66152;508
66163;538
66174;515
66186;503
66197;529
66209;538
66221;505
66232;510
66243;525
66254;545
66266;536
66278;538
66289;525
66300;535
66312;537
66323;542
66335;542
66347;544
66358;552
66369;532
66380;558
66392;538
66404;533
66415;554
66426;552
66438;538
66449;541
66460;538
66472;522
66484;527
66495;541
66506;545
66518;522
66529;540
66541;515
66552;530
66564;522
66575;534
66586;517
66597;536
66610;523
66621;523
66632;542
66643;536
66655;526
66666;537
66678;534
66690;520
66701;535
66712;533
66723;522
66736;523
66747;541
66758;522
66769;527
66781;535
66792;510
66804;520
66816;509
66827;514
66838;526
66849;511
66861;518
66873;522
66884;517
66895;523
66907;500
66918;516
66929;513
66941;523
66953;514
66964;511
66975;507
66987;523
66998;516
67010;533
67021;506
67033;509
67044;522
67055;519
67067;512
67079;528
67090;529
67101;529
67112;534
67124;496
67136;512
67147;509
67159;522
67170;529
67181;522
67192;521
67205;532
67216;508
67227;514
67238;520
67250;525
67261;524
67273;535
67284;501
67296;528
67307;533
67318;512
67330;530
67342;517
67353;522
67364;518
67376;535
67387;520
67398;529
67410;520
67422;536
67433;521
67444;522
67456;529
67468;508
67479;526
67490;530
67502;509
67513;523
67524;511
67536;515
67548;527
67559;534
67570;517
67581;522
67593;532
67605;505
67616;522
67628;536
67639;516
67650;516
67661;530
67674;495
67685;504
67696;510
67707;531
67719;511
67730;525
67742;526
67753;531
67765;517
67776;527
67787;519
67800;529
67811;530
67822;511
67833;506
67845;527
67856;526
67868;505
67879;529
67891;530
67902;504
67913;504
67924;506
67937;508
67948;500
67959;519
67971;518
67982;518
67993;516
68005;516
68017;502
68028;520
68039;515
68050;510
68062;509
68074;501
68085;509
68097;516
68108;516
68119;505
68130;512
68143;505
68154;487
68165;504
68176;518
68188;504
68200;507
68211;500
68222;495
68234;489
68245;508
68256;511
68269;504
68280;503
68291;513
68302;513
68314;518
68325;517
68337;513
68348;505
68360;513
68371;492
68382;502
68393;507
68406;502
68417;506
68428;519
68440;514
68451;508
68462;517
68474;508
68486;511
68497;521
68508;507
68519;514
68532;513
68543;498
68554;495
68566;516
68577;523
68588;516
68600;517
68612;524
68623;502
68634;517
68645;520
68657;504
68669;496
68680;512
68691;502
68703;514
68714;514
68725;516
68738;506
68749;495
68760;502
68771;499
68783;495
68794;520
68806;497
68817;509
68829;499
68840;512
68851;503
68864;499
68875;509
68886;488
68897;489
68909;507
68920;492
68932;494
68943;498
68955;492
68966;490
68977;494
68988;476
69001;488
69012;496
69023;496
69035;474
69046;482
69057;481
69069;500
69081;508
69092;507
69103;499
69114;497
69126;510
69138;516
69149;513
69160;503
69172;506
69183;516
69194;523
69207;506
69218;522
69229;530
69240;516
69252;520
69264;516
69275;540
69286;519
69298;533
69309;533
69320;504
69332;539
69344;536
69355;510
69366;540
69378;543
69389;521
69401;550
69412;544
69424;542
69435;532
69446;541
69457;522
69470;553
69481;544
69492;542
69504;539
69515;528
69526;558
69538;537
69550;547
69561;542
69572;547
69583;546
69596;555
69607;546
69618;550
69629;549
69641;551
69652;524
69664;542
69676;543
69687;533
69698;532
69709;521
69721;530
69733;526
69744;535
69755;525
69767;527
69778;523
69789;523
69801;539
69813;507
69824;526
69835;504
69847;526
69858;527
69870;506
69881;508
69893;503
69904;501
69915;506
69926;517
69939;513
69950;502
69961;498
69972;515
69984;493
69996;508
70007;498
70019;513
70030;519
70041;519
70052;514
70065;517
70076;513
70087;516
70098;507
70110;518
70121;507
70133;521
70145;522
70156;515
70167;500
70178;520
70190;503
70202;509
70213;527
70224;524
70236;518
70247;525
70258;519
70270;520
70282;524
70293;506
70304;522
70316;518
70327;518
70339;509
70350;499
70362;511
70373;504
70384;505
70396;523
70408;517
70419;500
70430;516
70441;517
70453;497
70465;499
70476;518
70488;519
70499;514
70510;522
70521;504
70534;515
70545;523
70556;514
70567;520
70579;516
70590;505
70602;521
70614;526
70625;528
70636;515
70647;521
70659;522
70671;517
70682;506
70693;523
70705;524
70716;516
70728;530
70739;493
70751;517
70762;508
70773;522
70785;529
70797;532
70808;518
70819;507
70831;530
70842;503
70853;517
70865;512
70877;534
70888;495
70899;501
70910;527
70922;514
70934;529
70945;536
70957;516
70968;499
70979;524
70990;504
71003;509
71014;509
71025;512
71036;507
71048;525
71059;534
71071;509
71083;513
71094;528
71105;527
71116;514
71129;524
71140;528
71151;510
71162;516
71174;536
71185;503
71197;539
71208;527
71220;526
71231;559
71242;552
71254;533
71266;532
71277;522
71288;535
71300;548
71311;546
71322;519
71334;552
71346;545
71357;538
71368;526
71379;544
71391;511
71403;532
71414;525
71426;521
71437;519
71448;524
71460;509
71472;494
71483;486
71494;498
71505;491
71517;461
71529;469
71540;463
71552;457
71563;451
71574;467
71585;449
71598;440
71609;443
71620;434
71631;438
71643;410
71654;421
71666;397
71677;398
71689;402
71700;393
71711;409
71723;405
71735;408
71746;424
71757;423
71769;410
71780;372
71791;368
71803;323
71815;304
71826;314
71837;286
71848;300
71861;306
71872;319
71883;312
71895;322
71906;343
71917;336
71929;356
71941;343
71952;369
71963;398
71974;444
71986;489
71998;531
72009;561
72020;611
72032;682
72043;748
72054;805
72067;856
72078;879
72089;877
72100;852
72112;807
72123;780
72135;722
72146;668
72158;637
72169;583
72180;555
72193;525
72204;505
72215;511
72226;487
72238;496
72249;494
72261;500
72272;495
72284;485
72295;506
72306;506
72317;505
72330;507
72341;500
72352;511
72364;520
72375;505
72386;524
72398;523
72410;522
72421;517
72432;524
72443;514
72456;511
72467;521
72478;536
72489;513
72501;505
72512;539
72523;524
72536;527
72547;537
72558;519
72569;523
72581;535
72593;518
72604;536
72615;522
72627;533
72638;504
72649;529
72662;543
72673;525
72684;529
72695;533
72707;516
72718;521
72730;531
72741;515
72753;512
72764;526
72775;511
72786;515
72799;516
72810;513
72821;515
72833;524
72844;525
72855;521
72867;509
72879;516
72890;515
72901;504
72912;522
72925;523
72936;521
72947;514
72958;521
72970;520
72981;512
72993;523
73005;520
73016;510
73027;517
73038;514
73050;519
73062;531
73073;501
73084;491
73096;518
73107;525
73118;508
73131;523
73142;506
73153;514
73164;503
73176;505
73187;503
73199;510
73210;502
73222;518
73233;518
73244;514
73255;517
73268;500
73279;499
73290;513
73302;501
73313;508
73325;499
73336;511
73348;519
73359;515
73370;520
73381;519
73394;529
73405;506
73416;516
73427;528
73439;525
73450;501
73462;527
73474;524
73485;513
73496;529
73507;520
73519;518
73531;503
73542;522
73553;506
73565;505
73576;523
73587;513
73600;505
73611;523
73622;517
73633;496
73645;523
73657;518
73668;509
73679;516
73691;526
73702;522
73713;515
73725;524
73737;508
73748;519
73759;520
73771;513
73782;501
73794;521
73805;513
73817;510
73828;519
73839;517
73850;513
73863;514
73874;513
73885;506
73896;496
73908;499
73919;493
73931;502
73943;511
73954;506
73965;519
73976;522
73988;501
74000;503
74011;504
74022;518
74034;519
74045;525
74057;523
74068;518
74080;521
74091;513
74102;518
74114;502
74126;510
74137;502
74148;517
74160;525
74171;502
74182;517
74194;522
74206;525
74217;523
74228;524
74240;512
74251;516
74263;512
74274;516
74286;519
74297;517
74308;511
74319;523
74332;510
74343;516
74354;523
74365;523
74377;533
74389;497
74400;493
74412;516
74423;530
74434;494
74445;524
74458;529
74469;512
74480;521
74491;538
74503;523
74514;530
74526;502
74537;521
74549;515
74560;538
74571;524
74583;523
74595;538
74606;515
74617;523
74629;524
74640;522
74651;517
74663;528
74675;519
74686;516
74697;508
74708;529
74720;520
74732;524
74743;508
74755;519
74766;506
74777;504
74789;516
74801;513
74812;525
74823;527
74834;513
74846;519
74858;509
74869;519
74881;512
74892;518
74903;511
74914;519
74927;503
74938;500
74949;509
74960;502
74972;519
74983;509
74995;526
75006;517
75018;518
75029;516
75040;508
75052;519
75064;518
75075;528
75086;522
75098;515
75109;524
75121;527
75132;529
75144;520
75155;531
75166;498
75177;520
75190;515
75201;502
75212;511
75224;518
75235;520
75246;524
75258;515
75270;496
75281;515
75292;512
75303;504
75316;500
75327;518
75338;501
75350;509
75361;513
75372;513
75383;494
75396;513
75407;494
75418;509
75429;508
75441;517
75452;508
75464;511
75475;505
75487;500
75498;501
75509;498
75522;488
75533;466
75544;480
75555;458
75567;466
75578;468
75590;444
75601;372
75613;315
75624;303
75635;261
75646;296
75659;334
75670;381
75681;435
75693;525
75704;569
75715;608
75727;631
75739;651
75750;661
75761;659
75772;628
75784;617
75796;617
75807;575
75819;570
75830;543
75841;534
75853;514
75865;515
75876;515
75887;514
75898;517
75910;499
75922;506
75933;496
75944;503
75956;504
75967;498
75978;499
75991;499
76002;479
76013;497
76024;509
76036;509
76047;499
76059;525
76070;523
76082;511
76093;543
76104;511
76115;524
76128;535
76139;503
76150;523
76162;529
76173;547
76184;519
76196;538
76208;508
76219;522
76230;507
76241;523
76254;493
76265;420
76276;292
76288;90
76298;0
76307;0
76316;0
76326;0
76336;0
76345;0
76354;0
76363;0
76372;0
76382;0
76392;61
76402;176
76413;258
76425;346
76436;393
76447;469
76460;522
76471;551
76482;558
76493;569
76505;570
76516;569
76528;557
76539;568
76551;549
76562;548
76573;551
76585;545
76597;549
76608;541
76619;529
76631;553
76642;544
76654;516
76665;536
76677;512
76688;515
76699;491
76710;504
76723;476
76734;480
76745;473
76756;465
76768;456
76779;466
76791;480
76803;471
76814;484
76825;489
76836;469
76848;488
76860;483
76871;474
76882;492
76894;495
76905;503
76916;498
76929;510
76940;517
76951;514
76962;521
76974;522
76986;510
76997;521
77008;521
77020;513
77031;510
77042;518
77054;489
77066;491
77077;506
77088;501
77100;491
77111;501
77123;484
77134;495
77146;500
77157;497
77168;471
77179;496
77192;498
77203;478
77214;481
77225;508
77237;489
77248;497
77260;513
77272;509
77283;493
77294;520
77305;520
77318;509
77329;520
77340;514
77351;517
77363;524
77374;520
77386;510
77398;517
77409;518
77420;512
77431;510
77443;507
77455;515
77466;505
77477;515
77489;517
77500;508
77511;508
77523;500
77535;498
77546;508
77557;492
77569;493
77580;510
77592;517
77603;513
77615;513
77626;523
77637;496
77648;512
77661;513
77672;519
77683;507
77694;504
77706;521
77718;510
77729;513
77741;520
77752;507
77763;514
77774;511
77787;508
77798;510
77809;498
77820;494
77832;496
77843;501
77855;507
77867;509
77878;519
77889;518
77900;515
77912;509
77924;522
77935;517
77946;513
77958;523
77969;519
77980;517
77992;517
78004;515
78015;516
78026;505
78038;522
78050;510
78061;505
78072;511
78084;505
78095;521
78106;500
78118;495
78130;512
78141;520
78152;510
78163;501
78175;514
78187;515
78198;511
78210;501
78221;515
78232;499
78243;517
78256;512
78267;519
78278;522
78289;522
78301;504
78312;518
78324;520
78336;503
78347;516
78358;514
78369;518
78382;498
78393;509
78404;510
78415;505
78427;522
78438;518
78450;504
78461;516
78473;518
78484;514
78495;522
78507;520
78519;519
78530;521
78541;522
78553;512
78564;520
78575;509
78587;501
78599;517
78610;520
78621;501
78632;516
78644;520
78656;519
78667;507
78679;518
78690;518
78701;506
78712;516
78725;518
78736;501
78747;507
78758;523
78770;503
78782;516
78793;527
78804;511
78816;521
78827;522
78838;518
78851;515
78862;504
78873;522
78884;517
78896;523
78907;505
78919;504
78930;516
78942;504
78953;510
78964;511
78976;525
78988;514
78999;503
79010;510
79022;508
79033;509
79044;502
79056;522
79068;516
79079;509
79090;506
79101;500
79113;506
79125;517
79136;515
79148;515
79159;508
79170;499
79182;510
79194;518
79205;516
79216;518
79227;521
79239;513
79251;515
79262;523
79273;524
79285;501
79296;517
79307;518
79320;510
79331;510
79342;516
79353;515
79365;503
79376;500
79388;511
79399;503
79411;518
79422;519
79433;505
79444;521
79457;506
79468;505
79479;521
79491;522
79502;518
79514;501
79525;527
79537;508
79548;509
79559;510
79570;512
79583;515
79594;522
79605;521
79617;502
79628;510
79639;502
79651;500
79663;497
79674;521
79685;494
79696;496
79708;517
79720;499
79731;508
79742;502
79754;496
79765;511
79776;506
79789;516
79800;515
79811;514
79822;521
79834;509
79845;502
79857;516
79868;505
79880;499
79891;516
79902;518
79915;505
79926;524
79937;519
79948;520
79960;515
79971;517
79983;521
79994;527
80006;506
80017;515
80028;522
80039;522
80052;516
80063;502
80074;504
80086;502
80097;515
80108;513
80120;519
80132;495
80143;506
80154;502
80165;515
80178;501
80189;516
80200;516
80211;521
80223;501
80234;519
80246;516
80258;517
80269;503
80280;521
80291;514
80303;517
80315;505
80326;513
80337;496
80349;508
80360;511
80371;516
80384;492
80395;511
80406;516
80417;497
80429;504
80440;516
80452;496
80463;498
80475;517
80486;522
80497;499
80508;528
80521;522
80532;520
80543;535
80555;527
80566;534
80577;532
80589;526
80601;517
80612;544
80623;517
80634;537
80647;521
80658;533
80669;521
80680;524
80692;532
80703;512
80715;516
80727;516
80738;521
80749;521
80760;529
80772;514
80784;520
80795;520
80806;503
80818;514
80829;507
80840;515
80852;514
80864;500
80875;504
80886;512
80898;510
80909;518
80921;518
80932;511
80944;504
80955;509
80966;512
80978;503
80990;525
81001;510
81012;509
81024;524
81035;508
81047;503
81058;522
81070;512
81081;508
81092;504
81103;514
81116;516
81127;525
81138;503
81149;508
81161;512
81172;526
81184;499
81196;517
81207;521
81218;517
81229;500
81241;522
81253;502
81264;508
81275;527
81287;510
81298;518
81309;510
81321;519
81333;513
81344;503
81355;514
81367;510
81379;504
81390;519
81401;494
81413;513
81424;503
81435;515
81447;502
81459;515
81470;520
81481;511
81492;521
81504;498
81516;511
81527;503
81539;518
81550;513
81561;511
81572;517
81585;512
81596;504
81607;522
81618;506
81630;508
81641;519
81653;500
81665;497
81676;499
81687;514
81698;505
81711;511
81722;515
81733;516
81744;513
81756;523
81767;515
81779;515
81790;522
81802;515
81813;498
81824;503
81836;509
81848;517
81859;504
81870;516
81882;516
81893;501
81904;504
81916;518
81928;515
81939;507
81950;508
81961;518
81973;511
81985;512
81996;519
82008;524
82019;519
82030;496
82041;508
82054;521
82065;502
82076;518
82087;520
82099;514
82111;515
82122;519
82134;516
82145;499
82156;514
82167;516
82180;515
82191;519
82202;520
82213;500
82225;509
82236;510
82248;516
82259;518
82271;522
82282;517
82293;497
82305;516
82317;516
82328;511
82339;520
82351;515
82362;513
82373;510
82385;514
82397;503
82408;505
82419;517
82430;518
82443;512
82454;523
82465;519
82477;528
82488;529
82499;521
82511;522
82523;524
82534;514
82545;514
82556;505
82568;514
82580;511
82591;501
82603;501
82614;504
82625;495
82636;511
82649;499
82660;499
82671;510
82682;511
82694;496
82705;509
82717;515
82728;495
82740;521
82751;504
82762;517
82774;524
82786;514
82797;515
82808;523
82820;522
82831;522
82843;520
82854;522
82866;501
82877;516
82888;522
82899;512
82912;497
82923;524
82934;510
82946;506
82957;516
82968;519
82980;515
82992;505
83003;497
83014;512
83025;519
83038;510
83049;517
83060;521
83072;503
83083;518
83094;515
83105;516
83118;514
83129;518
83140;524
83151;520
83163;507
83175;502
83186;513
83197;511
83209;507
83220;510
83231;505
83244;501
83255;506
83266;507
83277;518
83289;510
83300;514
83312;498
83323;524
83335;521
83346;498
83357;514
83368;522
83381;511
83392;523
83403;519
83415;515
83426;510
83437;505
83449;517
83461;514
83472;522
83483;503
83494;502
83506;511
83518;518
83529;